1.000000	1.000000	1.000000	1.000000	1.000000	1.000000	1.000000	1.000000	1.000000	1.000000	1.000000	1.000000	1.000000	1.000000	1.000000	1.000000	1.000000	1.000000	1.000000	1.000000	1.000000	1.000000	1.000000	1.000000	1.000000	
1.000000	1.000000	1.000000	1.000000	1.000000	1.000000	1.061209	1.118612	1.168640	1.208183	1.000000	1.118612	1.229849	1.326795	1.403423	1.000000	1.168640	1.326795	1.464631	1.573579	1.000000	1.208183	1.403423	1.573579	1.708073	
0.100000	0.225000	0.350000	0.475000	0.600000	0.725000	0.850000	0.975000	1.100000	0.225000	0.350000	0.475000	0.600000	0.725000	0.850000	0.975000	1.100000	1.225000	0.350000	0.475000	0.600000	0.725000	0.850000	0.975000	1.100000	1.225000	1.350000	0.475000	0.600000	0.725000	0.850000	0.975000	1.100000	1.225000	1.350000	1.475000	0.600000	0.725000	0.850000	0.975000	1.100000	1.225000	1.350000	1.475000	1.600000	0.725000	0.850000	0.975000	1.100000	1.225000	1.350000	1.475000	1.600000	1.725000	0.850000	0.975000	1.100000	1.225000	1.350000	1.475000	1.600000	1.725000	1.850000	0.975000	1.100000	1.225000	1.350000	1.475000	1.600000	1.725000	1.850000	1.975000	1.100000	1.225000	1.350000	1.475000	1.600000	1.725000	1.850000	1.975000	2.100000	
0.100000	0.100000	0.100000	0.100000	0.100000	0.100000	0.100000	0.100000	0.100000	0.100000	0.115625	0.131250	0.146875	0.162500	0.178125	0.193750	0.209375	0.225000	0.100000	0.131250	0.162500	0.193750	0.225000	0.256250	0.287500	0.318750	0.350000	0.100000	0.146875	0.193750	0.240625	0.287500	0.334375	0.381250	0.428125	0.475000	0.100000	0.162500	0.225000	0.287500	0.350000	0.412500	0.475000	0.537500	0.600000	0.100000	0.178125	0.256250	0.334375	0.412500	0.490625	0.568750	0.646875	0.725000	0.100000	0.193750	0.287500	0.381250	0.475000	0.568750	0.662500	0.756250	0.850000	0.100000	0.209375	0.318750	0.428125	0.537500	0.646875	0.756250	0.865625	0.975000	0.100000	0.225000	0.350000	0.475000	0.600000	0.725000	0.850000	0.975000	1.100000	
1.000000	1.133148	1.284025	1.454991	1.648721	1.868246	2.117000	2.398875	2.718282	1.133148	1.284025	1.454991	1.648721	1.868246	2.117000	2.398875	2.718282	3.080217	1.284025	1.454991	1.648721	1.868246	2.117000	2.398875	2.718282	3.080217	3.490343	1.454991	1.648721	1.868246	2.117000	2.398875	2.718282	3.080217	3.490343	3.955077	1.648721	1.868246	2.117000	2.398875	2.718282	3.080217	3.490343	3.955077	4.481689	1.868246	2.117000	2.398875	2.718282	3.080217	3.490343	3.955077	4.481689	5.078419	2.117000	2.398875	2.718282	3.080217	3.490343	3.955077	4.481689	5.078419	5.754603	2.398875	2.718282	3.080217	3.490343	3.955077	4.481689	5.078419	5.754603	6.520819	2.718282	3.080217	3.490343	3.955077	4.481689	5.078419	5.754603	6.520819	7.389056	
