0.000000	0.000000	0.000000	0.000000	0.000000	0.000000	0.067774	0.107962	0.096154	0.000000	0.000000	0.107962	0.172406	0.154569	0.000000	0.000000	0.096154	0.154569	0.139705	0.000000	0.000000	0.000000	0.000000	0.000000	0.000000	
0.000000	0.000000	0.000000	0.000000	0.000000	0.000000	0.061709	0.094622	0.081560	0.000000	0.000000	0.094622	0.141523	0.119909	0.000000	0.000000	0.081560	0.119909	0.100467	0.000000	0.000000	0.000000	0.000000	0.000000	0.000000	
0.000000	0.000000	0.000000	0.000000	0.134788	0.000000	0.000000	0.000000	0.000000	
0.000000	0.000000	0.000000	0.000000	0.000000	0.000000	0.000000	0.000000	0.000000	0.000000	0.132735	0.226609	0.284080	0.305983	0.291540	0.238484	0.143123	0.000000	0.000000	0.226609	0.367792	0.443540	0.463190	0.430128	0.344031	0.202127	0.000000	0.000000	0.284080	0.443540	0.520497	0.532532	0.486543	0.383878	0.222795	0.000000	0.000000	0.305983	0.463190	0.532532	0.536901	0.485095	0.379344	0.218526	0.000000	0.000000	0.291540	0.430128	0.486543	0.485095	0.434775	0.337946	0.193770	0.000000	0.000000	0.238484	0.344031	0.383878	0.379344	0.337946	0.261580	0.149535	0.000000	0.000000	0.143123	0.202127	0.222795	0.218526	0.193770	0.149535	0.085306	0.000000	0.000000	0.000000	0.000000	0.000000	0.000000	0.000000	0.000000	0.000000	0.000000	
0.000000	0.000000	0.000000	0.000000	0.000000	0.000000	0.000000	0.000000	0.000000	0.000000	0.011746	0.020164	0.025223	0.026913	0.025229	0.020175	0.011759	0.000000	0.000000	0.020164	0.034598	0.043270	0.046165	0.043278	0.034613	0.020181	0.000000	0.000000	0.025223	0.043270	0.054110	0.057727	0.054116	0.043281	0.025237	0.000000	0.000000	0.026913	0.046165	0.057727	0.061582	0.057725	0.046165	0.026916	0.000000	0.000000	0.025229	0.043278	0.054116	0.057725	0.054104	0.043262	0.025217	0.000000	0.000000	0.020175	0.034613	0.043281	0.046165	0.043262	0.034582	0.020147	0.000000	0.000000	0.011759	0.020181	0.025237	0.026916	0.025217	0.020147	0.011726	0.000000	0.000000	0.000000	0.000000	0.000000	0.000000	0.000000	0.000000	0.000000	0.000000	
